0 0 0.993743254890683 0
0.1 0.0992220532189855 0.989175086788199 0.00496490946770134
0.2 0.197530472817474 0.975470582480748 0.0198139561897805
0.3 0.29401162517497 0.95262974196833 0.0444100951231631
0.4 0.387751876670975 0.920652565250945 0.0785249178627248
0.5 0.477837593684993 0.879539052328593 0.121838652641292
0.6 0.563355142596528 0.829289203201273 0.173940164329641
0.7 0.643390889785082 0.769903017868987 0.234326954436498
0.8 0.717031201630159 0.701380496331733 0.302405161108541
0.9 0.783362444511263 0.623721638589512 0.377489559130397
1 0.841470984807896 0.536926444642324 0.458803559924645
1.1 0.890583177977269 0.445194586821367 0.545482711278754
1.2 0.930485335787418 0.352725737457839 0.636613194341458
1.3 0.961103759084085 0.25951989655174 0.731270320619121
1.4 0.982364748713013 0.165577064103071 0.828522031702684
1.5 0.994194605519946 0.07089724011183 0.927428899267658
1.6 0.996519630350627 -0.0245195754219812 1.02704412507413
1.7 0.989266124050798 -0.120673382498363 1.12641354096677
1.8 0.972360387466202 -0.217564181117316 1.2245756088748
1.9 0.945728721442582 -0.31519197127884 1.32056142081204
2 0.909297426825681 -0.413556752982934 1.41339469887687
2.1 0.863144133375213 -0.508118658810494 1.50209557847511
2.2 0.807951786506771 -0.594337821342412 1.58572222377132
2.3 0.744554660549919 -0.672214240578689 1.66341244314018
2.4 0.673787029834221 -0.741747916519325 1.73438747238934
2.5 0.596483168689242 -0.802938849164319 1.79795197475938
2.6 0.513477351444545 -0.855787038513673 1.85349404092386
2.7 0.425603852429695 -0.900292484567385 1.90048518898929
2.8 0.333696945974256 -0.936455187325457 1.93848036449512
2.9 0.238590906407792 -0.964275146787887 1.96711794041377
3 0.141120008059866 -0.983752362954677 1.98611971715063
3.1 0.0421418386206314 -0.994187435008193 1.99529150537803
3.2 -0.0573927607774095 -0.994880962130807 1.99452953720946
3.3 -0.156509635641167 -0.985832944322516 1.98382687737369
3.4 -0.25423463147755 -0.967043381583323 1.9632740060488
3.5 -0.349593593793468 -0.938512273913226 1.93305881886219
3.6 -0.441612368095831 -0.900239621312225 1.89346662689056
3.7 -0.52931679989155 -0.852225423780321 1.84488015665992
3.8 -0.611732734687532 -0.794469681317514 1.78777955014558
3.9 -0.687886017990689 -0.726972393923803 1.72274236477217
4 -0.756802495307929 -0.649733561599189 1.65044357341364
4.1 -0.817633307470051 -0.566512044060314 1.57165243201012
4.2 -0.870030776603404 -0.48106670102382 1.48719802335392
4.3 -0.913772520158228 -0.393397532489707 1.39793480087539
4.4 -0.948636155584758 -0.303504538457975 1.30473945625988
4.5 -0.974399300333235 -0.211387718928623 1.20851091944771
4.6 -0.990839571853895 -0.117047073901653 1.11017035863416
4.7 -0.997734587596978 -0.0204826033770634 1.01066118026952
4.8 -0.994861965012721 0.0783056926451452 0.910949029059014
4.9 -0.981999321551362 0.179317814164973 0.812021787962877
5 -0.958924274663139 0.282553761182419 0.714889578196305
5.1 -0.925576289840134 0.383158092442191 0.620580713028425
5.2 -0.8825422247418 0.476275366688994 0.53009718957079
5.3 -0.830570785069434 0.561905583922826 0.444370180565867
5.4 -0.770410676524334 0.64004874414369 0.364255988185994
5.5 -0.702810604807796 0.710704847351583 0.290536044033382
5.6 -0.628519275621117 0.773873893546508 0.223916909140107
5.7 -0.548285394665594 0.829555882728462 0.16503027396812
5.8 -0.462857667642524 0.877750814897448 0.11443295840924
5.9 -0.372984800253204 0.918458690053463 0.0726069117851573
5.99999999999999 -0.279415498198931 0.95167950819651 0.0399592128474314
6.09999999999999 -0.182936346756914 0.976276882049223 0.0168211227880953
6.19999999999999 -0.0844854495080101 0.991114424334241 0.00343766835627829
6.29999999999999 0.0149612103910105 0.996192135051562 -4.27750251694517E-05
6.39999999999999 0.114427649783378 0.991510014201188 0.00643056975092527
6.49999999999999 0.212937885512324 0.977068061783117 0.0228108814760587
6.59999999999999 0.309515934421078 0.95286627779735 0.0489537406260502
6.69999999999999 0.40318581335287 0.918904662243887 0.0846171293610421
6.79999999999999 0.492971539150932 0.875183215122728 0.1294614315255
6.89999999999999 0.577897128658492 0.821701936433872 0.183049432648211
6.99999999999999 0.656986598718782 0.758460826177321 0.244846319942289
7.09999999999999 0.729341145986424 0.6877752786948 0.314221611800451
7.19999999999999 0.7943706863616 0.611960688328035 0.390470382243157
7.29999999999999 0.851562315555889 0.531017055077028 0.472834485366741
7.39999999999999 0.900403129280864 0.444944378941777 0.560504484838691
7.49999999999999 0.940380223248102 0.353742659922283 0.652619653897655
7.59999999999999 0.970980693169179 0.257411898018545 0.748267975353438
7.69999999999999 0.99169163475567 0.155952093230565 0.846486141587004
7.79999999999999 1.00200014371915 0.0493632455583414 0.946259554550471
7.89999999999999 1.0013933157712 -0.0623546449981254 1.04652232576712
7.99999999999999 0.989358246623384 -0.179201578438835 1.14615727633138
8.09999999999999 0.96566653512683 -0.292642460577527 1.24400304948734
8.19999999999999 0.931227792690822 -0.394142197227936 1.3389323489921
8.29999999999999 0.887236133864186 -0.483700788390062 1.42993017747915
8.39999999999999 0.834885673195752 -0.561318234063904 1.51610094903687
8.49999999999999 0.775370525234348 -0.626994534249464 1.59666848920853
8.59999999999999 0.709884804528803 -0.68072968894674 1.67097603499227
8.69999999999999 0.639622625627944 -0.722523698155733 1.73848623484112
8.79999999999998 0.5657781030806 -0.752376561876443 1.79878114866298
8.89999999999998 0.489545351435598 -0.770288280108869 1.85156224782065
8.99999999999998 0.412118485241769 -0.776258852853013 1.8966504151318
