0 1 0
0.1 0.954030230586814 0.0977015115293407
0.2 0.908060461173628 0.190806046117363
0.3 0.862090691760442 0.279313603764066
0.4 0.816120922347256 0.363224184469451
0.5 0.77015115293407 0.442537788233517
0.6 0.724181383520884 0.517254415056265
0.7 0.678211614107698 0.587374064937694
0.8 0.632241844694512 0.652896737877805
0.9 0.586272075281326 0.713822433876597
1 0.54030230586814 0.77015115293407
1.1 0.444657391626612 0.819399137808807
1.2 0.349012477385083 0.859082631259392
1.3 0.253367563143555 0.889201633285824
1.4 0.157722648902027 0.909756143888103
1.5 0.0620777346604985 0.920746163066229
1.6 -0.0335671795810298 0.922171690820203
1.7 -0.129212093822558 0.914032727150024
1.8 -0.224857008064086 0.896329272055691
1.9 -0.320501922305615 0.869061325537206
2 -0.416146836547143 0.832228887594568
2.1 -0.473531402552473 0.787744975639588
2.2 -0.530915968557803 0.737522607084074
2.3 -0.588300534563134 0.681561781928027
2.4 -0.645685100568464 0.619862500171447
2.5 -0.703069666573794 0.552424761814334
2.6 -0.760454232579125 0.479248566856688
2.7 -0.817838798584455 0.400333915298509
2.8 -0.875223364589786 0.315680807139797
2.9 -0.932607930595116 0.225289242380551
3 -0.989992496600445 0.129159221020773
3.1 -0.956357609026762 0.031841715739413
3.2 -0.922722721453078 -0.0621123007845791
3.3 -0.889087833879395 -0.152702828551203
3.4 -0.855452946305711 -0.239929867560458
3.5 -0.821818058732028 -0.323793417812345
3.6 -0.788183171158345 -0.404293479306864
3.7 -0.754548283584661 -0.481430052044014
3.8 -0.720913396010978 -0.555203136023796
3.9 -0.687278508437295 -0.62561273124621
4 -0.65364362086361 -0.692658837711255
4.1 -0.559913040230927 -0.753336670765982
4.2 -0.466182459598243 -0.80464144575744
4.3 -0.37245187896556 -0.84657316268563
4.4 -0.278721298332876 -0.879131821550552
4.5 -0.184990717700193 -0.902317422352205
4.6 -0.0912601370675094 -0.91612996509059
4.7 0.00247044356517412 -0.920569449765707
4.8 0.0962010241978577 -0.915635876377555
4.9 0.189931604830541 -0.901329244926136
5 0.283662185463225 -0.877649555411447
5.1 0.351312995581939 -0.845900796359189
5.2 0.418963805700653 -0.80738695629506
5.3 0.486614615819366 -0.762108035219059
5.4 0.55426542593808 -0.710064033131187
5.5 0.621916236056794 -0.651254950031444
5.6 0.689567046175507 -0.585680785919829
5.7 0.757217856294221 -0.513341540796343
5.8 0.824868666412935 -0.434237214660985
5.9 0.892519476531649 -0.348367807513756
5.99999999999999 0.960170286650362 -0.255733319354656
6.09999999999999 0.939543483419661 -0.160747630851155
6.19999999999999 0.918916680188955 -0.0678246226707244
6.29999999999999 0.898289876958249 0.0230357051866354
6.39999999999999 0.877663073727543 0.111833352720925
6.49999999999999 0.857036270496837 0.198568319932143
6.59999999999999 0.836409467266131 0.283240606820292
6.69999999999999 0.815782664035425 0.365850213385369
6.79999999999999 0.795155860804719 0.446397139627376
6.89999999999999 0.774529057574012 0.524881385546312
6.99999999999999 0.753902254343306 0.601302951142178
7.09999999999999 0.663962025528121 0.672196165135749
7.19999999999999 0.57402179671293 0.734095356247802
7.29999999999999 0.484081567897738 0.787000524478335
7.39999999999999 0.394141339082547 0.830911669827349
7.49999999999999 0.304201110267355 0.865828792294844
7.59999999999999 0.214260881452164 0.89175189188082
7.69999999999999 0.124320652636972 0.908680968585276
7.79999999999999 0.0343804238217806 0.916616022408214
7.89999999999999 -0.0555598049934108 0.915557053349632
7.99999999999999 -0.145500033808602 0.905504061409532
8.09999999999999 -0.22206305661621 0.887125906888291
8.19999999999999 -0.298626079423816 0.86109145008629
8.29999999999999 -0.375189102231422 0.827400691003528
8.39999999999999 -0.451752125039028 0.786053629640006
8.49999999999999 -0.528315147846634 0.737050265995723
8.59999999999999 -0.60487817065424 0.680390600070679
8.69999999999999 -0.681441193461847 0.616074631864875
8.79999999999998 -0.758004216269453 0.54410236137831
8.89999999999998 -0.834567239077059 0.464473788610985
8.99999999999998 -0.911130261884665 0.377188913562899
