1E-07 9.999999E-08
0.0200157958321753 0.0196151638094757
0.0363080643025299 0.0350009692593751
0.0519105371003025 0.0492632289011108
0.066867518835342 0.0625123623816181
0.0813194592600475 0.0749297277500918
0.0953902078819248 0.0866645709092055
0.109172610642901 0.0978266363621184
0.122732961167854 0.108494632196629
0.136117890668109 0.118725268114897
0.149360200366916 0.128560193171757
0.162483179838193 0.138030858177354
0.175503647549119 0.147161806048987
0.188434043702707 0.155972865142811
0.201283855109025 0.164480602645298
0.214060580520221 0.172699286787064
0.226770383807693 0.180641525515993
0.239418536526717 0.188318692737586
0.252009718845065 0.195741215115688
0.264548225302646 0.202918767166398
0.277038106555566 0.209860405799231
0.289483267939665 0.216574664640183
0.301887538777723 0.223069621432345
0.314254721742829 0.229352947235836
0.326588628518812 0.235431943175988
0.338893105954023 0.241313568553422
0.351172055542952 0.247004462866204
0.363429448161623 0.252510963466056
0.37566933537512 0.257839120024792
0.387895858227818 0.262994706625113
0.400113254152185 0.26798323204782
0.412325862446088 0.272809948664186
0.424538128642048 0.277479860230892
0.436754608005463 0.281997728808085
0.448979968339468 0.286368080967449
0.461218992233182 0.290595213419108
0.473476578861811 0.294683198158742
0.485757745427548 0.298635887216228
0.498067628316686 0.302456917072102
0.510411484039087 0.30614971279676
0.522794690009869 0.309717491958389
0.535222745228883 0.313163268338637
0.547701270910833 0.316489855489243
0.56023601111707 0.319699870158127
0.572832833439072 0.32279573560939
0.585497729783001 0.325779684858185
0.598236817304466 0.328653763838325
0.611056339542559 0.331419834517782
0.62396266780232 0.334079577974724
0.636962302834956 0.33663449744449
0.650061876865422 0.339085921345843
0.663268156017345 0.341435006292937
0.676588043185708 0.343682740097703
0.690028581408377 0.345829944765752
0.703596957788332 0.347877279487445
0.717300508019502 0.34982524362442
0.731146721570478 0.351674179690678
0.745143247582094 0.353424276326192
0.759297901537005 0.355075571260024
0.773618672762132 0.356627954259002
0.788113732828115 0.358081170057188
0.802791444913976 0.359434821260593
0.817660374209988 0.360688371220883
0.832729299437564 0.361841146871161
0.848007225571749 0.362892341516217
0.863503397859955 0.363841017569038
0.87922731723991 0.364686109224658
0.895188757270684 0.365426425061738
0.911397782703289 0.366060650561513
0.927864769831904 0.366587350532871
0.944600428783626 0.367004971431389
0.961615827923983 0.367311843559059
0.978922420577782 0.367506183130171
0.996532074290498 0.367586094187367
1.01445710288499 0.367549570350208
1.0327103016023 0.367394496376619
1.0513049856547 0.367118649515304
1.07025503256426 0.366719700624586
1.08957492871291 0.366195215030047
1.10927982059057 0.365542653089785
1.12938557129864 0.364759370431992
1.14990882294809 0.363842617824753
1.17086706568748 0.362789540632484
1.19227871420793 0.361597177807014
1.21416319270334 0.360262460353982
1.23654102941843 0.35878220920674
1.25943396209804 0.357153132430213
1.28286505586559 0.355371821666021
1.30685883531075 0.35343474771741
1.33144143286619 0.351338255158113
1.35664075590774 0.349078555832928
1.38248667543383 0.346651721099728
1.40901123968 0.344053672642681
1.43624891661835 0.3412801716653
1.46423686999564 0.338326806250157
1.49301527439509 0.335188976651329
1.52262767578474 0.331861878268587
1.55312140515257 0.32834048204354
1.58454805413463 0.32461951202514
1.61696402300578 0.320693419887769
1.65043115297789 0.316556356270344
1.68501745632646 0.312202138973277
1.72079795921058 0.307624218357146
1.75785567271023 0.302815640822761
1.79628270673849 0.297769012165264
1.836181537557 0.29247646412816
1.87766642987715 0.286929630037317
1.92086499406169 0.281119639629018
1.96591981911574 0.275037150180088
2.01299004792082 0.268672442551029
2.06225262678265 0.262015629527181
2.11390272423809 0.255057054027748
2.16815240806538 0.247788001880631
2.22522600504116 0.240201923305776
2.28534956416794 0.232296447776493
2.34873055792199 0.224076561922755
2.41552293909931 0.215559305294092
2.48577365344425 0.206779999026101
2.55935312442917 0.197799006195639
2.63588725857383 0.188706205649576
2.71472732951266 0.17961877566525
2.79499619135477 0.170669115990168
2.87571470465834 0.161985160242084
2.95596024490708 0.153671027577987
3.03499056983058 0.145795880736822
3.11229691082453 0.138393199369583
3.187593410727 0.131467305191835
3.26077148999257 0.125002479843866
3.33184565991693 0.11897137639712
3.40090601516993 0.113341343149842
3.46808268929498 0.108078561221392
3.53352195168954 0.103150443962427
3.59737148583018 0.0985268420275912
3.65977212228326 0.0941805063407087
3.72085376981877 0.0900871287237883
3.78073390838742 0.0862251654756151
3.83951754734014 0.0825755666295359
3.89729795373828 0.0791214796064299
3.95415773029218 0.0758479628464766
4.01017000055358 0.0727417257016929
4.0653995698851 0.0697909001854787
4.11990399738229 0.0669848446221022
4.1737345525198 0.0643139766260511
4.22693705162432 0.0617696318442696
4.27955258027203 0.059343944739296
4.33161811269886 0.0570297479394194
4.38316704094186 0.0548204870930815
4.43422962627865 0.0527101486135466
4.48483338452029 0.0506931981256359
4.53500341535941 0.048764527803608
4.58476268456213 0.0469194111110355
4.63413226645922 0.0451534637217457
4.68313155300163 0.0434626096213939
4.73177843461616 0.0418430515690435
4.78008945722404 0.0402912452441042
4.82807995905456 0.0388038765223019
4.87576419027911 0.0373778414202626
4.92315541798905 0.0360102283261648
4.97026601862676 0.0346983021972808
5.01710755963808 0.0334394904569634
5.06369087183249 0.0322313703660172
5.11002611370474 0.0310716576782497
5.15612282877908 0.0299581964187826
5.20198999687692 0.0288889496475676
5.24763608007591 0.0278619910904245
5.2930690640168 0.0268754975365266
5.33829649512148 0.025927741915209
5.38332551420697 0.0250170869767206
5.42816288691405 0.0241419795114859
5.47281503131334 0.0233009450508843
5.51728804300389 0.0224925829997459
5.56158771797906 0.0217155621569198
5.60571957349973 0.0209686165855478
5.64968886718515 0.0202505417992239
5.69350061450664 0.0195601912341445
5.73715960484671 0.0188964729807552
5.78067041626805 0.018258346751356
5.82403742911951 0.0176448210627
5.8672648385927 0.0170549506148691
5.91035666632993 0.0164878338496836
5.9533167711736 0.0159426106736281
5.99614885913766 0.0154184603318056
6.03885649267365 0.0149145994207704
6.08144309929627 0.0144302800292838
6.12391197962763 0.0139647879970901
6.16626631491318 0.0135174412827476
6.20850917405809 0.0130875884323827
6.25064352022809 0.012674607141984
6.2926722170554 0.0122779029065137
6.33459803448689 0.0118969077497176
6.37642365430897 0.0115310790290451
6.41815167538106 0.0111798983105781
6.45978461860737 0.010842870309301
6.50132493167478 0.0105195218904371
6.54277499358308 0.010209401127937
6.58413711899193 0.00991207641652256
6.62541356240796 0.00962713563399132
6.66660652223378 0.00935418535075144
6.70771814469946 0.0090928500838044
6.74875052769572 0.00884277159261969
6.78970572452628 0.00860360821455303
6.83058574759542 0.00837503423765189
6.87139257204405 0.00815673930887002
6.91212813934545 0.00794842787587711
6.95279436086781 0.00774981866080332
6.9933931214067 0.00756064416440012
7.03392628268495 0.00738065019923117
7.0743956868104 0.0072095954506284
7.11480315967332 0.00704725106425983
7.15515051425507 0.00689340025925564
7.19543955380615 0.00674783796592633
7.2356720748375 0.00661037048717995
7.27584986985046 0.00648081518280059
7.31597472971183 0.00635900017578598
7.35604844555807 0.00624476407995242
7.39607281009021 0.00613795574799771
7.43604961809848 0.00603843403916199
7.4759806660348 0.00594606760553956
7.51586775043571 0.00586073469596903
7.55571266498996 0.00578232297626582
7.59551719604902 0.00571072936436341
7.6352831163982 0.00564585987870806
7.6750121771461 0.00558762949802122
7.71470609765396 0.00553596203032888
7.75436655351553 0.00549078998898583
7.79399516271347 0.00545205447333356
7.83359347021401 0.00541970505165918
7.87316293141258 0.00539369964430656
7.91270489499427 0.00537400440515483
7.95222058591146 0.00536059360023491
7.99171108928695 0.00535344948298791
8 0.00535274444976119
