1E-07 9.999999E-08
0.0354834693860748 0.0342243929752675
0.0644234313039704 0.0603353246474908
0.0921760697040923 0.0839430091469417
0.118972995482644 0.10546491675731
0.145139698008668 0.125323447461121
0.170937796817346 0.143827499757603
0.196558491042564 0.161189737550055
0.222139251370147 0.177555729885466
0.247780268333392 0.193026572963018
0.273556917853185 0.207674251222574
0.299528538564143 0.221551628712999
0.325744454543449 0.23469883830806
0.352248077882586 0.247147335357117
0.379079711449236 0.258922457117448
0.406278484644249 0.270045030939258
0.433883715741311 0.280532377317679
0.461935897198481 0.290398927363057
0.490477434533831 0.299656593935463
0.51955322578466 0.30831498513783
0.549211140378758 0.316381517194994
0.579502438605319 0.323861463929484
0.610482162436093 0.33075796756441
0.64220952289904 0.337072027560049
0.674748306935926 0.34280247880745
0.708167326565805 0.347945966641519
0.742540934491686 0.352496923141871
0.777949632613522 0.35644754670943
0.81448080312892 0.359787784775425
0.852229596174157 0.362505317653654
0.891300013706582 0.364585539960515
0.931806237237088 0.366011534667839
0.973874258046682 0.36676403365766
1.01764388396581 0.366821357511131
1.06327121844483 0.366159326039107
1.11093173801731 0.364751129560297
1.160824137015 0.362567148919945
1.21317516898971 0.359574709424265
1.26824580103158 0.355737749868241
1.32633912288555 0.351016382163157
1.3878106376215 0.345366309072817
1.45308183671129 0.338738056408831
1.52265838137019 0.33107596077351
1.59715485752522 0.322316833941965
1.6773290780359 0.312388201426463
1.76413048039871 0.301205993543383
1.85876959357789 0.288671582433619
1.96281903486774 0.274668209708625
2.07836033001325 0.259057473460939
2.20818941663271 0.24167876334893
2.35605962951509 0.222362082277849
2.52676302862666 0.200988760392736
2.72522224100129 0.177691733061552
2.95297512582342 0.153271700486548
3.20415773227015 0.12933555709882
3.46893103837138 0.107438135260736
3.74045673361831 0.0882975849348157
4.01687698841443 0.0719167652137623
4.29989554289307 0.0579901363199526
4.59322841578796 0.0461595839073862
4.90182325171124 0.0361112394710077
5.23171962144012 0.0275933084168402
5.59034900888685 0.0204045484061543
5.98721683968974 0.0143725985778105
6 0.0142018763132838
