1E-07 9.999999E-08
0.020027456990452 0.0196263580171133
0.0363297378636028 0.0350210886329271
0.0519418797384841 0.0492914025204461
0.0669082730298039 0.0625478766998771
0.0813694848369312 0.0749720250827975
0.0954494571385027 0.0867132055416932
0.109241102115118 0.0978812383968988
0.122810759905509 0.10855488282776
0.136205094613809 0.118790883524416
0.149456931255516 0.128630914182918
0.162589577224734 0.138106443605753
0.175619864947961 0.147242028395154
0.188560246137459 0.156057507759303
0.201420217602767 0.164569457830923
0.214207287213592 0.172792154464358
0.226927627498689 0.180738212276314
0.239586518496531 0.188419011118521
0.252188648880825 0.195844983025663
0.264738321858407 0.203025807402721
0.277239597012929 0.20997054562532
0.289696388942415 0.216687735399953
0.302112536623455 0.223185458187375
0.314491852820041 0.229471388415759
0.326838159781602 0.235552830235596
0.339155315428888 0.241436745631953
0.351447232863719 0.247129776445561
0.36371789512957 0.252638262025553
0.375971366541991 0.257968253690633
0.388211801499892 0.263125526813218
0.40044345141387 0.268115591098943
0.412670670201715 0.272943699470523
0.424897918674729 0.277614855853584
0.437129768052037 0.282133822085217
0.449370902780701 0.286505124112308
0.461626122798547 0.290733057608617
0.473900345348373 0.294821693112138
0.48619860643266 0.298774880764198
0.49852606198445 0.302596254716711
0.5108879888208 0.306289237262632
0.523289785438948 0.309857042735734
0.535736972711128 0.313302681218789
0.548235194531212 0.316628962093509
0.560790218464636 0.319838497460799
0.573407936452019 0.322933705455853
0.586094365616336 0.325916813479108
0.598855649223249 0.328789861360955
0.61169805784417 0.331554704475394
0.624627990771737 0.334213016815273
0.637651977737594 0.336766294039503
0.650776680982656 0.339215856500567
0.664008897730424 0.341562852258711
0.677355563114432 0.343808260087458
0.69082375361153 0.345952892473473
0.70442069103357 0.347997398612331
0.718153747131115 0.349942267400392
0.732030448864222 0.351787830421748
0.746058484397097 0.353534264928096
0.760245709875644 0.355181596808377
0.774600157049746 0.35672970354409
0.789130041805445 0.35817831714535
0.803843773676389 0.359527027061988
0.81874996640882 0.360775283063267
0.833857449660323 0.361922398079092
0.849175281919525 0.362967550994956
0.864712764742161 0.363909789392166
0.880479458408501 0.364748032224244
0.896485199118289 0.365481072419662
0.912740117852294 0.36610757940028
0.929254661044471 0.366626101504018
0.946039613226034 0.367035068299284
0.963106121822529 0.367332792777568
0.980465724307929 0.367517473409343
0.99813037794604 0.367587196046891
1.01611249237987 0.367539935655966
1.03442496536453 0.367373557856174
1.05308122197949 0.367085820247626
1.07209525770278 0.366674373498689
1.09148168578329 0.366136762166513
1.11125578941024 0.365470425218338
1.13143357925106 0.364672696217362
1.15203185701379 0.363740803132014
1.17306828578857 0.362671867721807
1.19456146803816 0.361462904446384
1.21653103224267 0.360110818836783
1.23899772936259 0.358612405259226
1.26198354047121 0.356964343991714
1.28551179712844 0.355163197522205
1.30960731632906 0.353205405964032
1.33429655216777 0.351087281469334
1.35960776673027 0.34880500150451
1.38557122315561 0.346354600833031
1.4122194043325 0.343731962030569
1.43958726130722 0.340932804335672
1.46771249620968 0.337952670616995
1.49663588536527 0.334786912217191
1.526401649272 0.331430671416663
1.55705787729929 0.327878861252612
1.58865701631386 0.324126142438394
1.62125643394471 0.320166897168696
1.6549190688136 0.315995199689933
1.68971418165341 0.311604783698958
1.72571822255914 0.306989006966446
1.76301583016748 0.302140814161883
1.80170097741771 0.297052699845348
1.84187827402598 0.291716675251072
1.88366442488572 0.286124245253912
1.92718982091321 0.280266406498489
1.97260019491779 0.27413368525526
2.02005819339958 0.26771624604637
2.06974456761838 0.261004122442321
2.12185842750018 0.253987654099437
2.1766155588541 0.246658264866769
2.23424308458199 0.23900979075847
2.29496767965157 0.231040660433002
2.35899322823102 0.222757310839163
2.42646292631418 0.214179175381705
2.49740239286586 0.205345158343611
2.57164805762437 0.196320346979071
2.64878161222629 0.187199792351246
2.72810950211239 0.178104829598864
2.80872349768731 0.169169336413615
2.88963785000427 0.160519288908682
2.96994781424248 0.15225414699091
3.04894418593798 0.14443735889473
3.12615484736695 0.137097148237803
3.20132607516044 0.130233843520723
3.27437348990979 0.123829131841572
3.34532780828673 0.117854237318739
3.41428883832259 0.112275905117204
3.48139178039939 0.107060232603024
3.54678493409101 0.10217484130144
3.6106161817922 0.0975899315913752
3.67302554541499 0.093278654446021
3.73414164450673 0.089217101034157
3.79408050772537 0.085384100520522
3.8529457121045 0.0817609384530351
3.91082920602297 0.0783310578265315
3.96781242976175 0.0750797743846584
4.02396751335693 0.0719940201101221
4.07935843398074 0.0690621192107182
4.13404207626645 0.0662735959744398
4.18806917413139 0.063619011608747
4.24148513185466 0.0610898263776879
4.29433073188385 0.0586782832978398
4.34664274108966 0.0563773099513984
4.39845442839747 0.0541804354059326
4.44979600634908 0.0520817196838605
4.50069500802625 0.0500756936477054
4.5511766093692 0.0481573075385021
4.60126390550105 0.0463218867195922
4.65097814834458 0.0445650934395547
4.70033895164508 0.0428828936425063
4.74936446850287 0.0412715280286424
4.79807154566602 0.0397274867095542
4.84647585812087 0.0382474869176227
4.89459202692675 0.0368284533218104
4.94243372275297 0.035467500577694
4.99001375717306 0.0341619178010616
5.03734416343966 0.0329091547046033
5.08443626818927 0.0317068091783736
5.13130075529966 0.0305526161285696
5.17794772293553 0.029444437417139
5.22438673466187 0.0283802527679477
5.27062686537514 0.0273581515245689
5.31667674269343 0.0263763251609322
5.36254458435639 0.0254330604596582
5.40823823210862 0.0245267332843557
5.45376518247601 0.0236558028818635
5.49913261478931 0.0228188066586512
5.544347416763 0.0220143553826256
5.5894162078974 0.0212411287675999
5.63434536093808 0.0204978714028483
5.67914102159708 0.0197833889946132
5.72380912671539 0.0190965448902819
5.76835542102382 0.0184362568592775
5.81278547264047 0.0178014941076087
5.85710468742618 0.0171912745055506
5.90131832230449 0.0166046620101347
5.94543149763942 0.0160407642660677
5.98944920875296 0.0154987303703992
6.03337633665321 0.0149777487877591
6.07721765803461 0.0144770454043133
6.12097785460273 0.0139958817097605
6.16466152176773 0.0135335530977346
6.20827317674255 0.0130893872759074
6.25181726607412 0.0126627427779106
6.29529817262828 0.0122530075699387
6.33872022204109 0.0118595977455529
6.38208768864153 0.0114819563028029
6.42540480084187 0.0111195519983107
6.46867574598312 0.010771878273445
6.51190467461328 0.010438452248138
6.55509570416525 0.010118813778287
6.59825292198971 0.00981252457302371
6.64138038768458 0.00951916736844585
6.68448213464857 0.00923834515467306
6.72756217076901 0.00896968045333147
6.77062447813618 0.00871281464277259
6.81367301165522 0.00846740732850403
6.85671169640379 0.00823313575644456
6.89974442355817 0.00800969426671463
6.94277504468306 0.00779679378573117
6.98580736415057 0.0075941613543902
7.02884512942309 0.00740153969008548
7.07189201890389 0.00721868678022238
7.11495162702885 0.00704537550473619
7.15802744624679 0.00688139328490657
7.20112284551563 0.00672654175547069
7.24424104493305 0.00658063645666998
7.28738508612742 0.00644350654242105
7.33055779806585 0.00631499450028192
7.37376175799871 0.00619495587830292
7.41699924736476 0.00608325901323018
7.46027220263767 0.00597978475390534
7.5035821613154 0.00588442617313412
7.54693020354716 0.00579708826085691
7.59031689026492 0.00571768759124792
7.6337421991369 0.00564615195652068
7.67720546017945 0.00558241996086697
7.72070529342576 0.00552644056924967
7.76423955161585 0.0054781726078334
7.80780527138089 0.00543758421575079
7.85139863677115 0.00540465225166375
7.89501495913193 0.00537936166306351
7.93864867717952 0.00536170483119006
7.9822933805963 0.00535168090941037
8 0.00534979184730225
