0.0001 9.999999E-08
0.000202467623390552 0.00010256759238794
0.00030058309727609 0.000200671345825526
0.000429945249483239 0.000329998003424322
0.000616288865100267 0.000516244918280788
0.000896421429789659 0.000796122028303398
0.00133035347023678 0.00122938215442169
0.00202142041917255 0.00191865892015881
0.00315554982949385 0.00304788336317453
0.00508612514346728 0.00496439438087877
0.00854784056066565 0.00838269586498668
0.01530425198821 0.0149868920816823
0.0273895666570871 0.0265783862346457
0.0435833208881228 0.0416713532924314
0.0623947865539331 0.0585870741888321
0.082790525010475 0.0761988135351327
0.104127985363802 0.0938370292408628
0.126031465374986 0.111133163156391
0.148292312313517 0.127898471111677
0.170801443106666 0.144045464684094
0.193507407829429 0.15954127473482
0.216391515821 0.174381309034556
0.23945349908949 0.188574839033533
0.262703424019557 0.202137307417844
0.286157225319201 0.215086324518136
0.309834310523322 0.227439649794441
0.333756335532367 0.239214220617836
0.357946635593428 0.250425719709894
0.382430018597668 0.261088409109524
0.407232755345182 0.27121508747158
0.432382674411615 0.280817097147815
0.457909310775634 0.289904344751619
0.483844080953524 0.298485318588335
0.510220470840356 0.306567096556698
0.537074230271063 0.314155343302899
0.564443573068206 0.321254297907769
0.592369384501038 0.32786675446489
0.620895440455179 0.333994038213935
0.650068644635103 0.339635979759236
0.679939292006747 0.344790889496494
0.710561368537352 0.349455533783051
0.741992899165969 0.353625113681936
0.774296357912269 0.357293246339622
0.807539156216773 0.360451948270247
0.841794228178685 0.363091619055477
0.877140734569562 0.365201023256384
0.913664911688181 0.366767267680078
0.951461096720838 0.367775770535933
0.990632968847778 0.368210218418546
1.03129505563791 0.368052506410041
1.07357456831559 0.367282655826081
1.11761364868331 0.365878703139907
1.16357213687438 0.363816552284495
1.21163100565502 0.361069780699154
1.26199665809835 0.357609386952432
1.31490635773514 0.353403464272944
1.37063516384326 0.348416779503676
1.42950489493534 0.342610230414343
1.49189586498051 0.335940145432472
1.55826246739998 0.328357378218606
1.62915418062264 0.319806135196686
1.70524432628179 0.310222459305644
1.7873700551201 0.299532286555556
1.87658870934717 0.287649021907287
1.97425790885292 0.274470735466258
2.08214854907935 0.259877628556329
2.20259668374073 0.243732194581155
2.33867243444793 0.225890043201313
2.49422137281376 0.206245566706057
2.67324163963135 0.184872689608625
2.87753065900726 0.162320937038517
3.10341012924026 0.139806686933189
3.34291389988051 0.118717177798069
3.58917222028202 0.0998908350192417
3.83917454357744 0.0835203299430939
4.09320380294029 0.0694407287719897
4.35351262866065 0.057379631254974
4.62343863922955 0.0470789970396109
4.90703822210031 0.0383365047904023
5.20906503997093 0.0310140861542057
5.53515777431774 0.0250397936942784
5.89215240326614 0.0204174328197741
6.28838615821856 0.0172576895552955
6.73346905675797 0.0158535382026913
7.23536250451331 0.0168316190680857
7.788814454374 0.0213284505496087
8 0.0242425737331881
