0.3 -0.340664389408205 0.413965274749028 -0.49083799005305 -0.551812827594101 0.417961923411008
0.6 -0.483743991429737 0.572376913521566 -0.650793976239811 -0.690131934068393 0.309633808414052
0.9 -0.49137606895374 0.549155559634649 -0.5672771742285 -0.518349314672947 0.229382367012202
1.2 -0.410561261280199 0.406585626114627 -0.328260321887621 -0.165488139061134 0.16993063698574
1.5 -0.276374162570543 0.195981274286447 -0.0156749000733361 0.236909735934429 0.125887712131087
1.8 -0.114550102347881 -0.0415374007706234 0.299953274717645 0.575499075135382 0.093259910906644
2.1 0.0564377800249128 -0.274182446648109 0.563354630174417 0.770595266186647 0.0690886412587956
2.4 0.223716984716933 -0.478574258085537 0.736714547848769 0.784562126990128 0.0511821242866584
2.7 0.378692124085943 -0.638778783964708 0.800218150056264 0.622522750501255 0.0379166502447529
3 0.515995582947738 -0.745327322495245 0.751064475510932 0.326016246600421 0.0280893453685288
3.3 0.632660066549969 -0.794238882799779 0.601180639035067 -0.038737486753788 0.0208090988560278
3.6 0.72747005642841 -0.786063293199735 0.373947705147654 -0.395593336064804 0.0154157595885125
3.9 0.800457139265035 -0.724961200665623 0.100301677777038 -0.67359283056502 0.0114202755888189
4.2 0.852510501415176 -0.617834989283204 -0.18540766816305 -0.819911163542089 0.0084603482414037
4.5 0.885079307719713 -0.473522378152533 -0.449429200474594 -0.808647462799752 0.00626758013054439
4.8 0.899947979731961 -0.302062211117175 -0.662163426767412 -0.644276953718083 0.00464313756028999
5.1 0.899069036913448 -0.114039642219096 -0.800989270014579 -0.359531740430739 0.00343972090579448
5.4 0.88444110247675 0.0799842868732876 -0.852178352751597 -0.00840582064367723 0.00254820792107237
5.7 0.858022068913274 0.269955857960161 -0.81180098578007 0.344255599009312 0.00188775885801589
6 0.821669452516814 0.446723876921535 -0.685619922307538 0.63463572198639 0.00139848615827149
6.3 0.777101487297326 0.60234796540879 -0.488054487170745 0.81120224359263 0.00103602402741869
6.6 0.725873928424664 0.730322762510341 -0.240371733059892 0.84344913529463 0.000767505476575825
6.9 0.669368475292214 0.825722372126184 0.0316821361288889 0.726734789233237 0.000568582041520377
7.2 0.608789704082021 0.885270725864702 0.300561341715388 0.482533826891759 0.000421215936310704
7.5 0.545167982576566 0.907344599696202 0.539649950413601 0.154209414110517 0.000312044440460479
7.8 0.479366483307224 0.8919169287219 0.725789975310888 -0.200845179286748 0.000231168207155555
8.1 0.412090797287544 0.840448661562946 0.841387962989994 -0.521271288535945 0.000171253619903161
8.4 0.343900028657432 0.755737862693609 0.875927682787904 -0.752268555463351 0.000126867801981963
8.7 0.27521853947269 0.641734915368873 0.826776797190127 -0.854804327451463 9.39859793260782E-05
9 0.206347694266172 0.503332725735456 0.699242357350003 -0.812000669184748 6.96265259733739E-05
9.3 0.137477188772224 0.346140573749319 0.505897646828081 -0.631695337334581 5.15805990838443E-05
9.6 0.0686956029618011 0.176249932177042 0.265265990864565 -0.344828220155528 3.82118476349906E-05



