101 -0.25 0.0158101552781949
103 -0.3 0.0186770017502709
105 -0.15 0.0223998880774847
107 -1.71 0.0273565078890686
109 0.81 0.034158064467093
111 0.65 0.0438462820182197
113 -0.91 0.0583150378344105
115 0.91 0.0813040040746976
117 0.96 0.121053706616732
119 -2.52 0.198725282707921
121 -1.01 0.382651253756433
123 2.01 0.995405020142416
125 4.83 4.85710661588125
127 4.58 4.60513772871245
129 1.26 0.963009979655415
131 1.01 0.374578118898961
133 -1.26 0.195659240113458
135 0.45 0.119586038904701
137 0.15 0.0804930621994925
139 -0.91 0.0578212526355186
141 -0.81 0.0435238206429972
143 -1.41 0.0339360759773214
145 1.36 0.0271972627757231
147 0.5 0.022281817303551
149 -0.45 0.0185870577288249
151 1.61 0.0157400727858543
153 -2.21 0.0135001345127475
155 -1.86 0.0117062351004213
157 1.76 0.0102473942180825
159 -0.5 0.00904510762975107
