0 NaN NaN NaN Infinity
1000 3.172 0.0512485707117769 0.030407346410207 0.0316227766016838
2000 3.092 0.0374668920515166 0.049592653589793 0.0223606797749979
3000 3.152 0.0298490424190347 0.010407346410207 0.0182574185835055
4000 3.162 0.0257378903564375 0.0204073464102068 0.0158113883008419
5000 3.152 0.023120968837832 0.010407346410207 0.014142135623731
6000 3.132 0.0212860517710542 0.009592653589793 0.0129099444873581
7000 3.128 0.0197397930225073 0.013592653589793 0.0119522860933439
8000 3.1315 0.0184380982953774 0.0100926535897932 0.0111803398874989
9000 3.14222222222222 0.0173055174087525 0.000629568632429134 0.0105409255338946
