0 NaN NaN NaN Infinity
100 3.44 0.13879481258318 0.298407346410207 0.1
200 3.3 0.107470926301023 0.158407346410207 0.0707106781186548
300 3.13333333333333 0.0951412205715895 0.00825932025645981 0.0577350269189626
400 2.95 0.0879985795339902 0.191592653589793 0.05
500 3.064 0.0757351173498794 0.0775926535897931 0.0447213595499958
600 3.06 0.069238717492455 0.0815926535897931 0.0408248290463863
700 3.10285714285714 0.063061264117285 0.0387355107326504 0.0377964473009227
800 3.26 0.0549135684507936 0.118407346410207 0.0353553390593274
900 3.06222222222222 0.0564868121346064 0.0793704313675709 0.0333333333333333
1000 3.22 0.0501158657512768 0.0784073464102071 0.0316227766016838
1100 3.06545454545455 0.0510330250610528 0.0761381081352477 0.0301511344577764
1200 3.22 0.0457493169347915 0.0784073464102071 0.0288675134594813
1300 3.17538461538462 0.0448799338913297 0.0337919617948224 0.0277350098112615
1400 3.13714285714286 0.0439716314591333 0.00444979644693611 0.0267261241912424
1500 3.13066666666667 0.0425957187902641 0.0109259869231266 0.0258198889747161
1600 3.115 0.0415088469485723 0.0265926535897929 0.025
1700 3.11294117647059 0.0403029844006347 0.028651477119205 0.0242535625036333
1800 3.18444444444444 0.0379845828229815 0.0428517908546513 0.0235702260395516
1900 3.07789473684211 0.0386491842106871 0.0636979167476879 0.0229415733870562
2000 3.156 0.0364942735233899 0.014407346410207 0.0223606797749979
2100 3.17142857142857 0.0353738880157775 0.0298359178387781 0.0218217890235992
2200 3.16545454545455 0.0346522707014033 0.0238618918647524 0.021320071635561
2300 3.10260869565217 0.0347928907297992 0.038983957937619 0.0208514414057075
2400 3.17 0.0331102954783956 0.0284073464102068 0.0204124145231932
2500 3.2112 0.0318307685109863 0.0696073464102067 0.02
2600 3.14461538461538 0.0321645745245734 0.0030227310255917 0.0196116135138184
2700 3.15111111111111 0.0314757002680112 0.00951845752131808 0.0192450089729875
2800 3.12285714285714 0.0312775126701888 0.0187355107326503 0.0188982236504614
2900 3.15862068965517 0.0302723163479439 0.0170280360653794 0.0185695338177052
3000 3.128 0.030153031909467 0.013592653589793 0.0182574185835055
3100 3.17032258064516 0.0291289959586445 0.0287299270553683 0.0179605302026775
3200 3.1825 0.028513668597271 0.040907346410207 0.0176776695296637
3300 3.14666666666667 0.0285251380659849 0.00507401307687338 0.0174077655955698
3400 3.16588235294118 0.0278690126204944 0.0242896993513835 0.0171498585142509
3500 3.15657142857143 0.0275802337637055 0.0149787749816355 0.0169030850945703
3600 3.12 0.0276164202362773 0.021592653589793 0.0166666666666667
3700 3.18702702702703 0.0264624508941692 0.0454343734372338 0.0164398987305357
3800 3.15578947368421 0.0264781473578773 0.0141968200944174 0.0162221421130763
3900 3.09948717948718 0.0267520808782943 0.0421054741026134 0.0160128153805087
4000 3.138 0.0260045957476751 0.00359265358979322 0.0158113883008419
4100 3.12585365853659 0.0258157332419488 0.0157389950532076 0.0156173761888606
4200 3.14190476190476 0.0253360909279498 0.00031210831496864 0.0154303349962092
4300 3.1506976744186 0.0249459642170442 0.00910502082881148 0.0152498570332605
4400 3.12545454545455 0.0249242126989532 0.0161381081352476 0.0150755672288882
4500 3.12533333333333 0.0246469510798164 0.0162593202564598 0.0149071198499986
4600 3.10434782608696 0.0245853255941205 0.0372448275028368 0.0147441956154897
4700 3.09787234042553 0.0243846669826992 0.0437203131642612 0.0145864991497895
4800 3.12166666666667 0.0239002435870122 0.0199259869231265 0.0144337567297406
4900 3.16326530612245 0.0232414734313373 0.021672652532656 0.0142857142857143
5000 3.1424 0.023216038594041 0.000807346410206744 0.014142135623731
5100 3.12705882352941 0.0231353155404837 0.0145338300603814 0.0140028008402801
5200 3.14230769230769 0.0227660895602288 0.00071503871789913 0.0138675049056307
5300 3.13811320754717 0.0225902731063644 0.00347944604262329 0.0137360563948689
5400 3.13777777777778 0.0223832846379675 0.00381487581201512 0.0136082763487954
5500 3.13236363636364 0.022229188817005 0.00922901722615688 0.0134839972492648
5600 3.12785714285714 0.0220710632523759 0.0137355107326504 0.0133630620956212
5700 3.17894736842105 0.0213988157669263 0.0373547148312596 0.0132453235706504
5800 3.13379310344828 0.0216337587347961 0.00779955014151712 0.0131306432859723
5900 3.13559322033898 0.021433492078948 0.00599943325080998 0.0130188910980824
6000 3.11133333333333 0.0214667891645918 0.0302593202564596 0.0129099444873581
6100 3.1016393442623 0.0213725377459147 0.039953309327498 0.0128036879932896
6200 3.13096774193548 0.0209489085353581 0.0106249116543093 0.012700012700019
6300 3.16190476190476 0.0205092984110036 0.0203121083149687 0.0125988157669742
6400 3.115625 0.0207491749059413 0.025967653589793 0.0125
6500 3.16430769230769 0.0201699990375391 0.0227150387178994 0.0124034734589208
6600 3.14727272727273 0.0201650961920036 0.00568007368293433 0.0123091490979333
6700 3.10388059701493 0.02037501992503 0.0377120565748679 0.0122169444356305
6800 3.17352941176471 0.0196395037066023 0.0319367581749126 0.0121267812518166
6900 3.1431884057971 0.0197561961252853 0.00159575220730845 0.0120385853085769
7000 3.13885714285714 0.0196505340100585 0.00273551073265033 0.0119522860933439
7100 3.14535211267606 0.0194580391365788 0.00375945908626329 0.0118678165819385
7200 3.125 0.0194877988894476 0.0165926535897931 0.0117851130197758
7300 3.16219178082192 0.0190504386912059 0.0205991272321246 0.0117041147196131
7400 3.14432432432432 0.019067879602491 0.00273167073453129 0.0116247638743819
7500 3.15306666666667 0.0188695071909584 0.0114740130768736 0.0115470053837925
7600 3.15526315789474 0.0187271511167296 0.0136705043049439 0.0114707866935281
7700 3.14701298701299 0.0186713239662432 0.00542033342319392 0.0113960576459638
7800 3.17384615384615 0.0183347967030208 0.0322535002563606 0.011322770341446
7900 3.16354430379747 0.0183018455633681 0.0219516502076753 0.0112508790092602
8000 3.142 0.0183570013891158 0.000407346410206788 0.0111803398874989
8100 3.13777777777778 0.0182758753768325 0.00381487581201512 0.0111111111111111
8200 3.15756097560976 0.0180110148809588 0.0159683220199631 0.0110431526074847
8300 3.13879518072289 0.0180466114576641 0.00279747286690135 0.010976425998969
8400 3.13952380952381 0.0179333603984849 0.00206884406598373 0.0109108945117996
8500 3.13788235294118 0.0178398883894723 0.00371030064861655 0.0108465228909328
8600 3.12418604651163 0.0178371370265984 0.0174066070781653 0.0107832773203438
8700 3.13931034482759 0.0176230385332906 0.00228230876220703 0.0107211253483779
8800 3.17318181818182 0.0172667718909089 0.0315891645920252 0.0106600358177805
8900 3.12 0.0175640081422912 0.021592653589793 0.0105999788000636
9000 3.15866666666667 0.0171836212570626 0.0170740130768734 0.0105409255338946
9100 3.12351648351648 0.0173449511647751 0.0180761700733094 0.0104828483672192
9200 3.1504347826087 0.0170564912129106 0.00884212901890269 0.0104257207028537
9300 3.14709677419355 0.0169888293173376 0.00550412060375516 0.0103695169473043
9400 3.12340425531915 0.0170667116550332 0.0181883982706443 0.0103142124625879
9500 3.10610526315789 0.0170958017216736 0.0354873904318982 0.0102597835208515
9600 3.14083333333333 0.0167658485518043 0.000759320256459972 0.0102062072615966
9700 3.11876288659794 0.0168326193010208 0.0228297669918551 0.0101534616513362
9800 3.13632653061224 0.0166254108920429 0.00526612297754836 0.0101015254455221
9900 3.1410101010101 0.0165086324201347 0.000582552579692308 0.0100503781525921
