0.000000 1.000000
0.000001 1.000000
0.000003 0.999999
0.000007 0.999997
0.000015 0.999993
0.000031 0.999985
0.000063 0.999969
0.000127 0.999937
0.000255 0.999873
0.000511 0.999745
0.001023 0.999489
0.002047 0.998977
0.004095 0.997953
0.008191 0.995905
0.016383 0.991809
0.030854 0.984575
0.051473 0.974274
0.077146 0.961463
0.106509 0.946842
0.138342 0.931042
0.171707 0.914558
0.205937 0.897744
0.240582 0.880849
0.275345 0.864040
0.310036 0.847430
0.344533 0.831095
0.378758 0.815088
0.412662 0.799444
0.446216 0.784189
0.479399 0.769341
0.512202 0.754913
0.544618 0.740914
0.576643 0.727352
0.608277 0.714230
0.639521 0.701550
0.670375 0.689315
0.700844 0.677523
0.730928 0.666173
0.760634 0.655263
0.789965 0.644789
0.818925 0.634747
0.847521 0.625132
0.875757 0.615939
0.903641 0.607161
0.931178 0.598792
0.958376 0.590825
0.985242 0.583252
1.011783 0.576067
1.038009 0.569260
1.063927 0.562824
1.089547 0.556751
1.114878 0.551032
1.139930 0.545660
1.164712 0.540626
1.189236 0.535923
1.213512 0.531541
1.237551 0.527475
1.261365 0.523716
1.284966 0.520258
1.308365 0.517092
1.331575 0.514214
1.354609 0.511616
1.377480 0.509293
1.400200 0.507239
1.422783 0.505450
1.445243 0.503921
1.467593 0.502648
1.489847 0.501627
1.512019 0.500855
1.534123 0.500330
1.556173 0.500050
1.578183 0.500012
1.600168 0.500216
1.622141 0.500662
1.644117 0.501349
1.666109 0.502277
1.688132 0.503448
1.710199 0.504863
1.732324 0.506524
1.754520 0.508433
1.776802 0.510593
1.799182 0.513007
1.821672 0.515679
1.844287 0.518612
1.867038 0.521812
1.889938 0.525282
1.912998 0.529029
1.936230 0.533056
1.959647 0.537371
1.983258 0.541979
2.007075 0.546885
2.031108 0.552096
2.055368 0.557619
2.079865 0.563461
2.104608 0.569626
2.129606 0.576123
2.154869 0.582958
2.180405 0.590138
2.206222 0.597668
2.232329 0.605556
2.258733 0.613806
2.285442 0.622426
2.312462 0.631421
2.339801 0.640795
2.367465 0.650555
2.395459 0.660703
2.423790 0.671244
2.452463 0.682181
2.481482 0.693516
2.510854 0.705252
2.540581 0.717389
2.570669 0.729927
2.601121 0.742866
2.631940 0.756204
2.663129 0.769938
2.694691 0.784064
2.726629 0.798577
2.758944 0.813471
2.791638 0.828737
2.824712 0.844368
2.858168 0.860352
2.892005 0.876678
2.926225 0.893331
2.960826 0.910298
2.995809 0.927560
3.031173 0.945101
3.066915 0.962899
3.103036 0.980934
3.139532 0.999182
3.176401 1.017617
3.213640 1.036213
3.251247 1.054942
3.289218 1.073773
3.327548 1.092674
3.366234 1.111613
3.405270 1.130553
3.444652 1.149460
3.484374 1.168295
3.524430 1.187020
3.564814 1.205594
3.605519 1.223976
3.646538 1.242125
3.687864 1.259997
3.729488 1.277550
3.771404 1.294738
3.813601 1.311519
3.856071 1.327849
3.898805 1.343683
3.941794 1.358977
3.985026 1.373689
4.028493 1.387776
4.072183 1.401197
4.116085 1.413911
4.160188 1.425880
4.204480 1.437066
4.248950 1.447434
4.293586 1.456950
4.338375 1.465584
4.383304 1.473306
4.428362 1.480089
4.473534 1.485912
4.518807 1.490751
4.564170 1.494591
4.609606 1.497417
4.655104 1.499217
4.700650 1.499983
4.746228 1.499711
4.791827 1.498399
4.837431 1.496050
4.883026 1.492670
4.928599 1.488268
4.974135 1.482855
5.019621 1.476449
5.065043 1.469067
5.110386 1.460732
5.155637 1.451470
5.200781 1.441307
5.245807 1.430275
5.290699 1.418407
5.335446 1.405738
5.380033 1.392305
5.424448 1.378149
5.468678 1.363310
5.512711 1.347830
5.556534 1.331754
5.600137 1.315127
5.643506 1.297994
5.686631 1.280401
5.729501 1.262396
5.772106 1.244024
5.814434 1.225332
5.856476 1.206366
5.898222 1.187173
5.939664 1.167798
5.980792 1.148283
6.021597 1.128674
6.062073 1.109012
6.102210 1.089337
6.142002 1.069690
6.181443 1.050107
6.220525 1.030625
6.259243 1.011279
6.297591 0.992101
6.335564 0.973122
6.373158 0.954370
6.410368 0.935873
6.447191 0.917657
6.483623 0.899743
6.519661 0.882155
6.555303 0.864910
6.590548 0.848026
6.625392 0.831519
6.659836 0.815404
6.693879 0.799691
6.727520 0.784392
6.760759 0.769515
6.793598 0.755068
6.826038 0.741055
6.858079 0.727483
6.889724 0.714352
6.920976 0.701666
6.951837 0.689425
6.982310 0.677627
7.012399 0.666272
7.042108 0.655357
7.071442 0.644879
7.100406 0.634832
7.129004 0.625213
7.157244 0.616015
7.185130 0.607233
7.212670 0.598860
7.239870 0.590889
7.266738 0.583312
7.293282 0.576122
7.319510 0.569312
7.345431 0.562872
7.371052 0.556795
7.396385 0.551072
7.421439 0.545697
7.446223 0.540659
7.470749 0.535952
7.495026 0.531568
7.519067 0.527498
7.542882 0.523736
7.566484 0.520274
7.589884 0.517106
7.613095 0.514224
7.636129 0.511623
7.659001 0.509297
7.681721 0.507240
7.704305 0.505448
7.726765 0.503916
7.749115 0.502640
7.771368 0.501616
7.793540 0.500842
7.815644 0.500314
7.837693 0.500031
7.859702 0.499990
7.881686 0.500192
7.903658 0.500635
7.925632 0.501319
7.947623 0.502244
7.969644 0.503413
7.991709 0.504825
8.013832 0.506482
8.036027 0.508388
8.058306 0.510545
8.080684 0.512956
8.103172 0.515624
8.125784 0.518555
8.148532 0.521751
8.171428 0.525218
8.194485 0.528961
8.217714 0.532985
8.241127 0.537296
8.264735 0.541900
8.288548 0.546802
8.312578 0.552010
8.336834 0.557529
8.361326 0.563366
8.386065 0.569528
8.411059 0.576020
8.436317 0.582851
8.461848 0.590026
8.487661 0.597552
8.513763 0.605435
8.540162 0.613681
8.566866 0.622296
8.593882 0.631286
8.621215 0.640655
8.648873 0.650409
8.676862 0.660552
8.705188 0.671088
8.733855 0.682020
8.762869 0.693350
8.792235 0.705081
8.821957 0.717212
8.852039 0.729746
8.882485 0.742679
8.913298 0.756012
8.944481 0.769741
8.976038 0.783862
9.007970 0.798370
9.040279 0.813259
9.072967 0.828521
9.106035 0.844147
9.139485 0.860126
9.173316 0.876448
9.207530 0.893097
9.242125 0.910060
9.277102 0.927319
9.312459 0.944856
9.348196 0.962651
9.384310 0.980683
9.420800 0.998929
9.457664 1.017362
9.494897 1.035956
9.532498 1.054684
9.570463 1.073514
9.608787 1.092415
9.647467 1.111353
9.686498 1.130295
9.725874 1.149203
9.765591 1.168040
9.805641 1.186767
9.846020 1.205343
9.886719 1.223729
9.927733 1.241882
9.969054 1.259758
10.010674 1.277316
10.052584 1.294510
10.094777 1.311298
10.137243 1.327635
10.179972 1.343476
10.222956 1.358779
10.266185 1.373499
10.309647 1.387596
10.353333 1.401027
10.397231 1.413752
10.441331 1.425732
10.485620 1.436930
10.530086 1.447310
10.574719 1.456839
10.619505 1.465486
10.664432 1.473221
10.709486 1.480018
10.754656 1.485855
10.799928 1.490709
10.845288 1.494564
10.890723 1.497404
10.936219 1.499219
10.981763 1.500000
11.027340 1.499743
11.072938 1.498446
11.118541 1.496113
11.164136 1.492747
11.209708 1.488359
11.255244 1.482962
11.300730 1.476569
11.346152 1.469202
11.391495 1.460881
11.436747 1.451631
11.481892 1.441482
11.526919 1.430462
11.571813 1.418606
11.616560 1.405948
11.661149 1.392526
11.705566 1.378379
11.749798 1.363550
11.793833 1.348079
11.837659 1.332011
11.881264 1.315392
11.924636 1.298265
11.967764 1.280679
12.010637 1.262679
12.053245 1.244311
12.095576 1.225623
12.137622 1.206661
12.179372 1.187471
12.220817 1.168097
12.261949 1.148585
12.302759 1.128976
12.343238 1.109314
12.383380 1.089639
12.423177 1.069990
12.462622 1.050406
12.501708 1.030922
12.540431 1.011573
12.578784 0.992391
12.616762 0.973408
12.654361 0.954653
12.691576 0.936152
12.728404 0.917930
12.764841 0.900012
12.800885 0.882418
12.836532 0.865167
12.871782 0.848277
12.906632 0.831765
12.941081 0.815643
12.975129 0.799923
13.008775 0.784618
13.042020 0.769734
13.074864 0.755279
13.107309 0.741260
13.139356 0.727680
13.171006 0.714543
13.202263 0.701850
13.233129 0.689601
13.263607 0.677797
13.293702 0.666434
13.323416 0.655512
13.352755 0.645027
13.381723 0.634973
13.410327 0.625347
13.438571 0.616143
13.466462 0.607354
13.494006 0.598974
13.521211 0.590997
13.548083 0.583414
13.574631 0.576218
13.600863 0.569401
13.626788 0.562955
13.652413 0.556872
13.677750 0.551144
13.702807 0.545763
13.727594 0.540720
13.752123 0.536008
13.776403 0.531618
13.800446 0.527543
13.824264 0.523776
13.847868 0.520309
13.871270 0.517136
13.894483 0.514250
13.917520 0.511644
13.940392 0.509313
13.963114 0.507252
13.985699 0.505456
14.008159 0.503919
14.030510 0.502639
14.052764 0.501611
14.074936 0.500832
14.097039 0.500300
14.119088 0.500013
14.141097 0.499968
14.163080 0.500166
14.185050 0.500604
14.207023 0.501284
14.229012 0.502206
14.251032 0.503369
14.273095 0.504777
14.295216 0.506431
14.317408 0.508332
14.339684 0.510484
14.362058 0.512891
14.384543 0.515554
14.407152 0.518480
14.429896 0.521671
14.452788 0.525133
14.475841 0.528871
14.499066 0.532890
14.522474 0.537196
14.546077 0.541794
14.569886 0.546691
14.593910 0.551893
14.618161 0.557406
14.642648 0.563238
14.667381 0.569393
14.692369 0.575880
14.717621 0.582704
14.743146 0.589873
14.768953 0.597392
14.795049 0.605268
14.821441 0.613507
14.848138 0.622115
14.875147 0.631098
14.902473 0.640461
14.930125 0.650208
14.958106 0.660344
14.986425 0.670872
15.015084 0.681796
15.044091 0.693119
15.073449 0.704842
15.103164 0.716966
15.133238 0.729492
15.163676 0.742418
15.194481 0.755744
15.225657 0.769465
15.257205 0.783579
15.289129 0.798080
15.321429 0.812962
15.354109 0.828217
15.387170 0.843836
15.420611 0.859809
15.454434 0.876124
15.488640 0.892768
15.523227 0.909725
15.558196 0.926979
15.593545 0.944511
15.629273 0.962302
15.665379 0.980330
15.701861 0.998571
15.738716 1.017002
15.775942 1.035594
15.813535 1.054319
15.851492 1.073148
15.889809 1.092048
15.928481 1.110987
15.967504 1.129929
16.006872 1.148838
16.046581 1.167677
16.086625 1.186407
16.126996 1.204988
16.167689 1.223378
16.208696 1.241536
16.250010 1.259419
16.291623 1.276983
16.333527 1.294186
16.375713 1.310982
16.418173 1.327329
16.460896 1.343181
16.503875 1.358495
16.547097 1.373228
16.590554 1.387338
16.634235 1.400783
16.678128 1.413522
16.722223 1.425518
16.766508 1.436732
16.810970 1.447129
16.855599 1.456676
16.900381 1.465340
16.945304 1.473094
16.990355 1.479911
17.035522 1.485767
17.080791 1.490641
17.126148 1.494516
17.171581 1.497377
17.217076 1.499213
17.262618 1.500015
17.308194 1.499779
17.353790 1.498503
17.399392 1.496191
17.444987 1.492846
17.490559 1.488479
17.536095 1.483101
17.581582 1.476729
17.627004 1.469380
17.672348 1.461078
17.717601 1.451848
17.762748 1.441716
17.807776 1.430713
17.852672 1.418873
17.897422 1.406231
17.942013 1.392824
17.986432 1.378692
18.030668 1.363875
18.074706 1.348417
18.118536 1.332361
18.162144 1.315752
18.205520 1.298635
18.248653 1.281057
18.291531 1.263064
18.334143 1.244704
18.376479 1.226022
18.418530 1.207065
18.460286 1.187878
18.501737 1.168507
18.542874 1.148997
18.583690 1.129389
18.624175 1.109727
18.664323 1.090052
18.704126 1.070402
18.743578 1.050815
18.782671 1.031329
18.821401 1.011976
18.859761 0.992790
18.897746 0.973803
18.935352 0.955042
18.972574 0.936535
19.009410 0.918307
19.045854 0.900381
19.081905 0.882780
19.117560 0.865521
19.152817 0.848624
19.187674 0.832102
19.222131 0.815972
19.256187 0.800244
19.289841 0.784929
19.323094 0.770036
19.355946 0.755572
19.388398 0.741543
19.420452 0.727954
19.452110 0.714807
19.483374 0.702104
19.514248 0.689846
19.544733 0.678031
19.574835 0.666660
19.604556 0.655728
19.633902 0.645233
19.662878 0.635170
19.691488 0.625535
19.719739 0.616321
19.747636 0.607524
19.775187 0.599135
19.802398 0.591149
19.829277 0.583557
19.855831 0.576353
19.882069 0.569528
19.907998 0.563074
19.933630 0.556983
19.958971 0.551248
19.984033 0.545859
20.008825 0.540809
20.033358 0.536089
20.057643 0.531692
20.081690 0.527611
20.105512 0.523837
20.129119 0.520363
20.152525 0.517184
20.175741 0.514291
20.198780 0.511679
20.221655 0.509343
20.244379 0.507275
20.266965 0.505473
20.289427 0.503931
20.311779 0.502645
20.334034 0.501611
20.356206 0.500827
20.378309 0.500289
20.400358 0.499996
20.422367 0.499946
20.444349 0.500138
20.466318 0.500571
20.488290 0.501245
20.510277 0.502161
20.532294 0.503319
20.554355 0.504721
20.576473 0.506369
20.598662 0.508264
20.620935 0.510411
20.643306 0.512811
20.665787 0.515469
20.688391 0.518388
20.711131 0.521573
20.734019 0.525028
20.757067 0.528760
20.780286 0.532772
20.803689 0.537071
20.827286 0.541662
20.851088 0.546552
20.875106 0.551746
20.899350 0.557252
20.923830 0.563075
20.948556 0.569223
20.973537 0.575702
20.998782 0.582518
21.024299 0.589678
21.050098 0.597188
21.076185 0.605056
21.102570 0.613286
21.129258 0.621885
21.156258 0.630859
21.183576 0.640212
21.211218 0.649950
21.239191 0.660076
21.267500 0.670595
21.296150 0.681510
21.325148 0.692823
21.354496 0.704536
21.384201 0.716651
21.414265 0.729166
21.444693 0.742083
21.475489 0.755399
21.506654 0.769110
21.538192 0.783215
21.570106 0.797706
21.602396 0.812579
21.635066 0.827825
21.668116 0.843436
21.701547 0.859401
21.735360 0.875708
21.769555 0.892343
21.804132 0.909293
21.839090 0.926540
21.874429 0.944066
21.910147 0.961851
21.946243 0.979874
21.982715 0.998110
22.019560 1.016537
22.056775 1.035125
22.094358 1.053848
22.132305 1.072675
22.170612 1.091574
22.209274 1.110513
22.248288 1.129455
22.287647 1.148367
22.327347 1.167208
22.367381 1.185942
22.407743 1.204527
22.448427 1.222923
22.489425 1.241088
22.530730 1.258979
22.572335 1.276552
22.614231 1.293765
22.656409 1.310573
22.698861 1.326931
22.741578 1.342797
22.784549 1.358126
22.827765 1.372874
22.871215 1.387001
22.914889 1.400464
22.958776 1.413222
23.002865 1.425237
23.047144 1.436472
23.091601 1.446891
23.136225 1.456460
23.181002 1.465148
23.225921 1.472926
23.270969 1.479767
23.316132 1.485649
23.361397 1.490548
23.406752 1.494450
23.452182 1.497337
23.497674 1.499199
23.543215 1.500028
23.588789 1.499819
23.634384 1.498570
23.679986 1.496284
23.725580 1.492966
23.771152 1.488625
23.816688 1.483273
23.862175 1.476926
23.907598 1.469603
23.952944 1.461326
23.998198 1.452118
24.043348 1.442009
24.088378 1.431029
24.133277 1.419210
24.178030 1.406588
24.222625 1.393200
24.267048 1.379086
24.311287 1.364287
24.355330 1.348844
24.399164 1.332803
24.442778 1.316207
24.486160 1.299103
24.529298 1.281536
24.572182 1.263553
24.614800 1.245201
24.657143 1.226527
24.699201 1.207576
24.740963 1.188394
24.782422 1.169027
24.823567 1.149519
24.864390 1.129914
24.904884 1.110252
24.945040 1.090576
24.984851 1.070925
25.024311 1.051336
25.063414 1.031845
25.102152 1.012488
25.132741 0.997190
