0.000000 1.000000
0.000001 1.000000
0.000003 0.999999
0.000007 0.999997
0.000015 0.999993
0.000031 0.999985
0.000063 0.999969
0.000127 0.999937
0.000255 0.999873
0.000511 0.999745
0.001023 0.999489
0.002047 0.998977
0.004095 0.997953
0.008191 0.995905
0.016383 0.991810
0.030925 0.984544
0.051711 0.974168
0.077637 0.961247
0.107321 0.946494
0.139518 0.930553
0.173269 0.913930
0.207892 0.896988
0.242927 0.879981
0.278071 0.863079
0.313127 0.846397
0.347971 0.830011
0.382525 0.813974
0.416739 0.798321
0.450583 0.783078
0.484038 0.768261
0.517094 0.753882
0.549745 0.739949
0.581989 0.726467
0.613826 0.713440
0.645258 0.700869
0.676288 0.688754
0.706918 0.677093
0.737154 0.665884
0.767000 0.655123
0.796462 0.644805
0.825545 0.634926
0.854256 0.625480
0.882602 0.616460
0.910589 0.607860
0.938226 0.599671
0.965520 0.591887
0.992479 0.584500
1.019113 0.577500
1.045430 0.570881
1.071439 0.564633
1.097151 0.558749
1.122576 0.553219
1.147724 0.548035
1.172606 0.543190
1.197233 0.538674
1.221616 0.534481
1.245768 0.530602
1.269700 0.527030
1.293425 0.523757
1.316956 0.520778
1.340305 0.518086
1.363486 0.515675
1.386511 0.513539
1.409395 0.511672
1.432151 0.510072
1.454793 0.508732
1.477335 0.507650
1.499792 0.506822
1.522177 0.506246
1.544505 0.505919
1.566790 0.505839
1.589046 0.506006
1.611288 0.506418
1.633531 0.507076
1.655787 0.507980
1.678073 0.509130
1.700400 0.510529
1.722785 0.512177
1.745239 0.514077
1.767777 0.516232
1.790413 0.518646
1.813159 0.521320
1.836029 0.524261
1.859035 0.527471
1.882189 0.530957
1.905505 0.534722
1.928994 0.538773
1.952668 0.543114
1.976538 0.547753
2.000615 0.552694
2.024911 0.557946
2.049436 0.563513
2.074200 0.569403
2.099213 0.575622
2.124486 0.582178
2.150026 0.589076
2.175844 0.596324
2.201949 0.603929
2.228347 0.611896
2.255049 0.620233
2.282061 0.628945
2.309392 0.638038
2.337048 0.647518
2.365036 0.657389
2.393364 0.667657
2.422036 0.678326
2.451060 0.689398
2.480441 0.700877
2.510184 0.712765
2.540295 0.725063
2.570778 0.737773
2.601637 0.750892
2.632877 0.764421
2.664502 0.778356
2.696514 0.792694
2.728917 0.807430
2.761713 0.822558
2.794906 0.838070
2.828496 0.853958
2.862485 0.870210
2.896875 0.886816
2.931667 0.903762
2.966860 0.921031
3.002455 0.938608
3.038452 0.956474
3.074848 0.974608
3.111643 0.992987
3.148836 1.011588
3.186423 1.030385
3.224401 1.049349
3.262768 1.068450
3.301520 1.087658
3.340651 1.106939
3.380157 1.126257
3.420034 1.145576
3.460273 1.164858
3.500870 1.184063
3.541816 1.203149
3.583105 1.222074
3.624728 1.240795
3.666676 1.259267
3.708941 1.277444
3.751512 1.295282
3.794380 1.312734
3.837534 1.329754
3.880964 1.346296
3.924658 1.362313
3.968604 1.377761
4.012791 1.392594
4.057207 1.406769
4.101839 1.420244
4.146676 1.432978
4.191703 1.444931
4.236909 1.456067
4.282280 1.466349
4.327805 1.475745
4.373468 1.484224
4.419259 1.491758
4.465163 1.498323
4.511169 1.503895
4.557262 1.508456
4.603430 1.511990
4.649660 1.514483
4.695940 1.515926
4.742256 1.516312
4.788596 1.515639
4.834947 1.513907
4.881297 1.511119
4.927633 1.507284
4.973942 1.502410
5.020211 1.496513
5.066428 1.489608
5.112580 1.481717
5.158654 1.472861
5.204638 1.463067
5.250518 1.452364
5.296281 1.440784
5.341914 1.428360
5.387405 1.415128
5.432740 1.401129
5.477906 1.386401
5.522890 1.370988
5.567679 1.354933
5.612260 1.338282
5.656620 1.321081
5.700745 1.303378
5.744624 1.285221
5.788244 1.266658
5.831593 1.247737
5.874658 1.228508
5.917428 1.209019
5.959892 1.189318
6.002038 1.169451
6.043857 1.149465
6.085338 1.129405
6.126471 1.109315
6.167249 1.089237
6.207661 1.069211
6.247700 1.049278
6.287359 1.029473
6.326631 1.009832
6.365509 0.990388
6.403988 0.971173
6.442064 0.952215
6.479731 0.933542
6.516986 0.915177
6.553826 0.897145
6.590247 0.879466
6.626248 0.862158
6.661828 0.845237
6.696985 0.828719
6.731720 0.812616
6.766031 0.796939
6.799921 0.781696
6.833389 0.766896
6.866438 0.752545
6.899070 0.738645
6.931287 0.725201
6.963093 0.712214
6.994490 0.699685
7.025484 0.687611
7.056077 0.675993
7.086276 0.664826
7.116085 0.654107
7.145510 0.643831
7.174557 0.633993
7.203232 0.624588
7.231542 0.615608
7.259495 0.607047
7.287098 0.598897
7.314358 0.591151
7.341285 0.583801
7.367888 0.576838
7.394174 0.570254
7.420154 0.564041
7.445837 0.558191
7.471234 0.552694
7.496355 0.547543
7.521211 0.542729
7.545813 0.538244
7.570173 0.534081
7.594303 0.530231
7.618214 0.526687
7.641919 0.523443
7.665430 0.520492
7.688762 0.517826
7.711926 0.515441
7.734936 0.513330
7.757806 0.511490
7.780550 0.509914
7.803181 0.508598
7.825713 0.507540
7.848161 0.506736
7.870539 0.506183
7.892861 0.505880
7.915141 0.505823
7.937394 0.506013
7.959635 0.506448
7.981876 0.507129
8.004134 0.508056
8.026421 0.509230
8.048753 0.510651
8.071142 0.512323
8.093602 0.514247
8.116148 0.516426
8.138792 0.518863
8.161548 0.521562
8.184428 0.524528
8.207446 0.527764
8.230614 0.531275
8.253945 0.535066
8.277449 0.539144
8.301139 0.543513
8.325027 0.548179
8.349123 0.553149
8.373439 0.558429
8.397984 0.564026
8.422770 0.569946
8.447806 0.576196
8.473102 0.582783
8.498666 0.589714
8.524509 0.596995
8.550640 0.604633
8.577065 0.612634
8.603794 0.621005
8.630834 0.629752
8.658194 0.638881
8.685879 0.648397
8.713897 0.658305
8.742255 0.668609
8.770959 0.679315
8.800015 0.690425
8.829428 0.701941
8.859204 0.713867
8.889348 0.726204
8.919864 0.738951
8.950757 0.752108
8.982032 0.765674
9.013691 0.779647
9.045738 0.794022
9.078176 0.808794
9.111008 0.823958
9.144236 0.839505
9.177861 0.855427
9.211887 0.871713
9.246313 0.888351
9.281141 0.905327
9.316370 0.922626
9.352001 0.940231
9.388033 0.958122
9.424465 0.976280
9.461296 0.994681
9.498524 1.013301
9.536146 1.032115
9.574159 1.051093
9.612561 1.070206
9.651346 1.089422
9.690511 1.108708
9.730051 1.128029
9.769960 1.147346
9.810231 1.166623
9.850859 1.185819
9.891836 1.204893
9.933155 1.223801
9.974807 1.242502
10.016784 1.260949
10.059076 1.279098
10.101674 1.296903
10.144568 1.314318
10.187747 1.331297
10.231200 1.347793
10.274917 1.363760
10.318885 1.379154
10.363092 1.393929
10.407528 1.408043
10.452178 1.421453
10.497031 1.434117
10.542075 1.445998
10.587295 1.457057
10.632680 1.467260
10.678217 1.476574
10.723892 1.484969
10.769693 1.492416
10.815606 1.498892
10.861619 1.504373
10.907718 1.508841
10.953892 1.512281
11.000126 1.514679
11.046409 1.516026
11.092727 1.516316
11.139068 1.515547
11.185418 1.513719
11.231767 1.510836
11.278100 1.506905
11.324405 1.501938
11.370669 1.495949
11.416880 1.488953
11.463024 1.480973
11.509090 1.472031
11.555064 1.462153
11.600932 1.451369
11.646684 1.439711
11.692304 1.427212
11.737780 1.413909
11.783100 1.399841
11.828249 1.385049
11.873215 1.369576
11.917985 1.353465
11.962545 1.336762
12.006883 1.319513
12.050986 1.301767
12.094841 1.283571
12.138436 1.264973
12.181759 1.246022
12.224797 1.226767
12.267539 1.207257
12.309974 1.187538
12.352090 1.167658
12.393878 1.147663
12.435327 1.127598
12.476428 1.107507
12.517172 1.087432
12.557550 1.067412
12.597554 1.047488
12.637178 1.027696
12.676413 1.008071
12.715255 0.988647
12.753697 0.969453
12.791735 0.950519
12.829365 0.931873
12.866582 0.913537
12.903383 0.895536
12.939766 0.877889
12.975728 0.860614
13.011269 0.843729
13.046387 0.827247
13.081083 0.811182
13.115356 0.795543
13.149206 0.780340
13.182636 0.765580
13.215646 0.751268
13.248240 0.737409
13.280419 0.724006
13.312187 0.711060
13.343547 0.698571
13.374504 0.686539
13.405061 0.674961
13.435224 0.663834
13.464997 0.653154
13.494387 0.642918
13.523399 0.633119
13.552040 0.623752
13.580318 0.614809
13.608238 0.606285
13.635809 0.598172
13.663038 0.590461
13.689935 0.583146
13.716507 0.576217
13.742765 0.569667
13.768717 0.563487
13.794373 0.557668
13.819744 0.552202
13.844840 0.547082
13.869672 0.542297
13.894251 0.537841
13.918589 0.533706
13.942697 0.529884
13.966588 0.526367
13.990274 0.523149
14.013768 0.520223
14.037083 0.517583
14.060232 0.515222
14.083228 0.513136
14.106085 0.511319
14.128817 0.509766
14.151437 0.508474
14.173960 0.507438
14.196400 0.506656
14.218771 0.506125
14.241088 0.505844
14.263364 0.505809
14.285614 0.506020
14.307853 0.506477
14.330094 0.507180
14.352353 0.508128
14.374642 0.509323
14.396976 0.510767
14.419370 0.512460
14.441836 0.514406
14.464389 0.516608
14.487041 0.519068
14.509806 0.521790
14.532697 0.524779
14.555726 0.528039
14.578907 0.531574
14.602251 0.535390
14.625770 0.539493
14.649475 0.543887
14.673380 0.548580
14.697494 0.553577
14.721828 0.558884
14.746392 0.564509
14.771198 0.570457
14.796255 0.576737
14.821573 0.583353
14.847161 0.590314
14.873027 0.597625
14.899182 0.605294
14.925632 0.613328
14.952387 0.621731
14.979453 0.630511
15.006840 0.639673
15.034553 0.649223
15.062599 0.659165
15.090986 0.669504
15.119719 0.680244
15.148804 0.691389
15.178247 0.702942
15.208054 0.714903
15.238229 0.727275
15.268777 0.740058
15.299702 0.753251
15.331008 0.766852
15.362699 0.780860
15.394779 0.795269
15.427250 0.810076
15.460115 0.825273
15.493376 0.840853
15.527036 0.856807
15.561095 0.873124
15.595554 0.889792
15.630416 0.906797
15.665678 0.924123
15.701343 0.941753
15.737409 0.959669
15.773874 0.977848
15.810739 0.996270
15.847999 1.014908
15.885654 1.033737
15.923700 1.052728
15.962134 1.071852
16.000951 1.091076
16.040148 1.110367
16.079719 1.129689
16.119658 1.149005
16.159959 1.168277
16.200617 1.187464
16.241623 1.206526
16.282969 1.225419
16.324649 1.244100
16.366652 1.262524
16.408970 1.280646
16.451593 1.298420
16.494510 1.315800
16.537712 1.332739
16.581188 1.349192
16.624925 1.365113
16.668913 1.380456
16.713140 1.395177
16.757593 1.409232
16.802261 1.422580
16.847130 1.435180
16.892188 1.446992
16.937422 1.457980
16.982820 1.468109
17.028368 1.477346
17.074053 1.485661
17.119863 1.493026
17.165784 1.499418
17.211804 1.504814
17.257910 1.509195
17.304088 1.512547
17.350326 1.514856
17.396612 1.516113
17.442931 1.516313
17.489272 1.515454
17.535623 1.513536
17.581969 1.510563
17.628299 1.506544
17.674601 1.501490
17.720860 1.495414
17.767065 1.488334
17.813202 1.480271
17.859260 1.471248
17.905224 1.461292
17.951083 1.450432
17.996822 1.438701
18.042430 1.426132
18.087893 1.412762
18.133198 1.398631
18.178331 1.383780
18.223280 1.368250
18.268032 1.352087
18.312573 1.335335
18.356891 1.318043
18.400972 1.300256
18.444805 1.282023
18.488377 1.263393
18.531675 1.244414
18.574687 1.225136
18.617403 1.205605
18.659810 1.185871
18.701899 1.165979
18.743657 1.145976
18.785076 1.125907
18.826147 1.105815
18.866859 1.085742
18.907205 1.065729
18.947176 1.045814
18.986766 1.026035
19.025968 1.006425
19.064776 0.987018
19.103183 0.967845
19.141186 0.948934
19.178780 0.930312
19.215961 0.912004
19.252726 0.894031
19.289073 0.876414
19.324999 0.859172
19.360504 0.842320
19.395585 0.825873
19.430244 0.809842
19.464481 0.794239
19.498295 0.779073
19.531688 0.764350
19.564663 0.750076
19.597221 0.736255
19.629364 0.722890
19.661097 0.709983
19.692422 0.697532
19.723344 0.685537
19.753867 0.673997
19.783996 0.662908
19.813736 0.652265
19.843093 0.642066
19.872073 0.632303
19.900683 0.622972
19.928929 0.614064
19.956818 0.605575
19.984359 0.597495
20.011560 0.589818
20.038428 0.582535
20.064973 0.575638
20.091203 0.569119
20.117129 0.562969
20.142760 0.557180
20.168107 0.551744
20.193179 0.546651
20.217988 0.541895
20.242546 0.537466
20.266863 0.533357
20.290952 0.529560
20.314824 0.526069
20.338493 0.522875
20.361970 0.519973
20.385270 0.517356
20.408404 0.515019
20.431387 0.512955
20.454232 0.511159
20.476953 0.509628
20.499563 0.508357
20.522078 0.507343
20.544510 0.506582
20.566875 0.506072
20.589186 0.505810
20.611458 0.505796
20.633706 0.506027
20.655943 0.506504
20.678184 0.507227
20.700443 0.508196
20.722735 0.509411
20.745072 0.510875
20.767470 0.512589
20.789941 0.514556
20.812500 0.516778
20.835160 0.519260
20.857934 0.522004
20.880834 0.525014
20.903874 0.528296
20.927066 0.531854
20.950423 0.535694
20.973955 0.539820
20.997676 0.544238
21.021596 0.548955
21.045726 0.553977
21.070077 0.559310
21.094660 0.564961
21.119485 0.570936
21.144562 0.577242
21.169900 0.583886
21.195509 0.590875
21.221397 0.598215
21.247574 0.605914
21.274048 0.613977
21.300827 0.622410
21.327918 0.631221
21.355329 0.640414
21.383068 0.649995
21.411141 0.659969
21.439554 0.670341
21.468314 0.681114
21.497427 0.692292
21.526899 0.703877
21.556734 0.715872
21.586938 0.728277
21.617515 0.741093
21.648469 0.754319
21.679806 0.767953
21.711527 0.781993
21.743638 0.796435
21.776139 0.811274
21.809035 0.826502
21.842327 0.842113
21.876018 0.858097
21.910108 0.874443
21.944599 0.891138
21.979492 0.908170
22.014786 0.925521
22.050482 0.943176
22.086579 0.961113
22.123075 0.979314
22.159971 0.997754
22.197262 1.016408
22.234948 1.035252
22.273024 1.054255
22.311488 1.073389
22.350335 1.092620
22.389560 1.111915
22.429160 1.131238
22.469127 1.150552
22.509457 1.169820
22.550141 1.188999
22.591174 1.208049
22.632547 1.226927
22.674251 1.245589
22.716279 1.263991
22.758621 1.282088
22.801267 1.299832
22.844207 1.317179
22.887430 1.334082
22.930926 1.350495
22.974683 1.366371
23.018690 1.381667
23.062934 1.396337
23.107404 1.410338
23.152087 1.423628
23.196971 1.436166
23.242043 1.447915
23.287289 1.458836
23.332699 1.468895
23.378257 1.478060
23.423952 1.486301
23.469770 1.493590
23.515699 1.499904
23.561726 1.505220
23.607836 1.509520
23.654019 1.512789
23.700260 1.515015
23.746548 1.516189
23.792869 1.516305
23.839211 1.515362
23.885560 1.513360
23.931905 1.510304
23.978233 1.506203
24.024530 1.501066
24.070785 1.494910
24.116984 1.487751
24.163115 1.479611
24.209164 1.470513
24.255120 1.460485
24.300969 1.449554
24.346698 1.437755
24.392293 1.425121
24.437743 1.411690
24.483034 1.397500
24.528152 1.382593
24.573086 1.367011
24.617820 1.350800
24.662343 1.334003
24.706642 1.316669
24.750704 1.298845
24.794515 1.280579
24.838065 1.261919
24.881340 1.242915
24.924329 1.223614
24.967020 1.204065
25.009401 1.184316
25.051463 1.164414
25.093195 1.144404
25.132741 1.125230
