0 0 0
0.1 0.000333333314083167 0.0100000003551186
0.2 0.00266666680009855 0.0400000012184284
0.3 0.00900000015354814 0.0900000010690697
0.4 0.0213333339950115 0.160000002219966
0.5 0.0416666670006139 0.250000001244332
0.6 0.072000000224797 0.360000000964202
0.7 0.114333334551862 0.490000002345802
0.8 0.170666668986288 0.640000003522369
0.9 0.242999999981015 0.810000000621566
1 0.333333335146005 1.00000000247762
1.1 0.443666670953934 1.21000000458708
1.2 0.576000003631775 1.4400000037427
1.3 0.732333334436724 1.69000000159388
1.4 0.914666668088058 1.96000000179168
1.5 1.12500000315654 2.25000000291435
1.6 1.36533333849856 2.56000000407419
1.7 1.63766667156323 2.8900000037645
1.8 1.9439999995585 3.24000000067947
1.9 2.28633333287142 3.61000000072471
2 2.66666666708842 4.00000000122427
2.1 3.08700001814905 4.41000000970421
2.2 3.5493333428456 4.84000000543604
2.3 4.05566667807037 5.29000000612375
2.4 4.60799999866635 5.76000000066586
2.5 5.20833333495801 6.2500000019302
2.6 5.85866669909165 6.7600000138135
2.7 6.56100003742049 7.29000001526632
2.8 7.31733338535907 7.84000002005517
2.9 8.12966671306428 8.41000001754389
3 8.99999999623425 9.00000000036242
3.1 9.9303333979919 9.61000002255263
3.2 10.9226667408561 10.2400000249591
3.3 11.9790000195973 10.8900000077957
3.4 13.1013333603364 11.5600000098856
3.5 14.2916666802323 12.2500000059091
3.6 15.5520001092281 12.9600000324686
3.7 16.8843333818914 13.690000015347
3.8 18.2906667957093 14.4400000362831
3.9 19.7730000056884 15.2100000038857
4 21.3333334839819 16.0000000401983
4.1 22.9736666811517 16.810000006179
4.2 24.6960001017339 17.6400000269843
4.3 26.5023333320455 18.4900000025808
4.4 28.3946666707938 19.3600000039413
4.5 30.3750000680064 20.2500000182431
4.6 32.4453334737218 21.1600000337814
4.7 34.6076667396546 22.0900000189263
4.8 36.8640000278771 23.0400000093439
4.9 39.2163334794498 24.0100000335002
5 41.6666666695767 25.0000000044099
5.1 44.2170000169187 26.0100000072978
5.2 46.8693333761501 27.0400000123713
5.3 49.6256669492571 28.0900000576192
5.4 52.4880000428502 29.1600000123999
5.5 55.4583337365809 30.2500000779557
5.6 58.5386667323156 31.3600000165335
5.7 61.7310002458674 32.490000048126
5.8 65.0373334247182 33.6400000209313
5.9 68.4596669777448 34.8100000580914
6 71.999999975096 36.0000000014088
6.1 75.6603336466813 37.2100000571287
6.2 79.4426671485355 38.4400000836868
6.3 83.349000515161 39.6900000879474
6.4 87.3813339807194 40.9600001075458
6.5 91.5416668219873 42.2500000305038
6.6 95.8320001733597 43.5600000331002
6.7 100.254333386614 44.8900000150162
6.8 104.81066663006 46.2400000019165
6.9 109.503000003047 47.6100000079826
7 114.333333794191 49.000000073626
7.1 119.303667323095 50.4100001004974
7.2 124.416000608571 51.840000092824
7.3 129.672333875813 53.2900000828754
7.4 135.074667371135 54.7600001040316
7.5 140.625000020286 56.2500000118104
7.6 146.325333271744 57.7600000012826
7.7 152.177667210661 59.2900000803231
7.8 158.184001139775 60.840000156096
7.9 164.346333321825 62.4100000088076
8 170.666667000651 64.0000000523172
8.1 177.147001258816 65.610000166294
8.2 183.78933415523 67.2400001114295
8.3 190.595668027506 68.8900001754809
8.4 197.568000847389 70.5600001127296
8.5 204.708333251264 72.2500000025277
8.6 212.018666848782 73.9600000337006
8.7 219.50100031851 75.6900000494828
8.8 227.157333768123 77.4400000626353
8.9 234.989667409053 79.2100000970033
9 243.000001636847 81.0000001958329
9.1 251.190333807046 82.8100000663861
9.2 259.562666970162 84.6400000476986
9.3 268.119001250529 86.4900001495655
9.4 276.861334231039 88.3600001109929
9.5 285.791669359348 90.2500002993436
9.6 294.912000006466 92.1600000169726
9.7 304.224336469333 94.090000340027
9.8 313.730668635252 96.0400002180169
9.9 323.43300064624 98.0100000828404
10 333.333336473611 100.000000332039
